0 0 4096 0 0 0 0 0 0 0 0 4096 0 0 0 0 0 0 0 0 0 4096 0 0
0 0 4096 0 0 0 0 0 0 0 0 4096 0 0 0 0 0 0 0 0 0 4096 0 0
0 0 4096 0 0 0 0 0 0 0 0 4096 0 0 0 0 0 0 0 0 0 4096 0 0
0 0 4096 0 0 0 0 0 0 0 0 4096 0 0 0 0 0 0 0 0 0 4096 0 0
0 0 3515 581 0 0 0 0 0 0 0 3420 676 0 0 0 0 0 0 0 0 4096 0 0
0 0 1558 2499 39 0 0 0 0 0 0 1388 2708 0 0 0 0 0 0 0 0 4096 0 0
0 0 76 4020 0 0 0 0 0 0 0 88 4008 0 0 0 0 0 0 0 0 4096 0 0
0 0 152 3944 0 0 0 0 0 0 0 162 3934 0 0 0 0 0 0 0 0 4096 0 0
0 0 0 4096 0 0 0 0 0 0 0 0 4096 0 0 0 0 0 0 0 0 4096 0 0
0 0 0 4096 0 0 0 0 0 0 0 0 4096 0 0 0 0 0 0 0 0 4096 0 0
0 0 0 4096 0 0 0 0 0 0 0 0 4096 0 0 0 0 0 0 0 0 4096 0 0
0 0 0 4096 0 0 0 0 0 0 0 0 4096 0 0 0 0 0 0 0 0 4096 0 0
0 0 0 4096 0 0 0 0 0 0 0 0 4096 0 0 0 0 0 0 0 0 3805 291 0
0 0 0 4096 0 0 0 0 0 0 0 0 4096 0 0 0 0 0 0 0 0 3674 422 0
0 0 0 3026 856 214 0 0 0 0 0 0 3440 656 0 0 0 0 0 0 0 3144 952 0
0 0 0 952 773 2001 370 0 0 0 0 0 1270 2528 298 0 0 0 0 0 0 2585 1511 0
0 0 0 1625 1834 575 62 0 0 0 0 0 2603 1442 51 0 0 0 0 0 0 896 3200 0
0 0 0 1752 2132 212 0 0 0 0 0 0 2829 1267 0 0 0 0 0 0 0 359 3737 0
0 0 0 287 3146 663 0 0 0 0 0 0 1047 3049 0 0 0 0 0 0 0 202 3894 0
0 0 0 0 3414 682 0 0 0 0 0 0 1009 3087 0 0 0 0 0 0 100 1929 2067 0
0 0 0 0 2209 1870 17 0 0 0 0 0 964 3080 52 0 0 0 0 0 315 3479 296 6
0 0 3571 525 0 0 0 0 0 0 0 3549 547 0 0 0 0 0 0 0 0 4096 0 0
0 0 4096 0 0 0 0 0 0 0 0 4062 34 0 0 0 0 0 0 0 0 4096 0 0
0 0 3862 234 0 0 0 0 0 0 0 3709 387 0 0 0 0 0 0 0 0 4096 0 0
0 0 3755 341 0 0 0 0 0 0 0 3462 634 0 0 0 0 0 0 0 0 4096 0 0
0 0 4096 0 0 0 0 0 0 0 0 3951 145 0 0 0 0 0 0 0 0 4096 0 0
0 0 3698 398 0 0 0 0 0 0 0 2496 1600 0 0 0 0 0 0 0 0 4092 4 0
0 0 925 3171 0 0 0 0 0 0 0 108 3988 0 0 0 0 0 0 0 0 4096 0 0
0 0 0 4096 0 0 0 0 0 0 0 0 4096 0 0 0 0 0 0 0 0 4096 0 0
0 0 0 4096 0 0 0 0 0 0 0 0 4096 0 0 0 0 0 0 0 0 4096 0 0
0 0 0 4096 0 0 0 0 0 0 0 0 4096 0 0 0 0 0 0 0 0 4077 19 0
0 0 0 4004 92 0 0 0 0 0 0 0 4096 0 0 0 0 0 0 0 0 4032 64 0
0 0 0 4096 0 0 0 0 0 0 0 0 4096 0 0 0 0 0 0 0 0 2987 1109 0
0 0 0 3413 683 0 0 0 0 0 0 0 4041 55 0 0 0 0 0 0 0 2361 1735 0
0 0 0 2098 1998 0 0 0 0 0 0 0 3367 729 0 0 0 0 0 0 0 2782 1314 0
0 0 0 821 3228 47 0 0 0 0 0 0 2904 1192 0 0 0 0 0 0 0 2178 1918 0
0 0 0 0 2075 2021 0 0 0 0 0 0 73 4023 0 0 0 0 0 0 0 2196 1900 0
0 0 0 0 849 3144 103 0 0 0 0 0 0 3979 117 0 0 0 0 0 0 487 3609 0
0 0 0 4 1584 1383 1125 0 0 0 0 0 147 2745 1204 0 0 0 0 0 0 934 3162 0
0 0 0 0 2471 1403 222 0 0 0 0 0 8 3902 186 0 0 0 0 0 0 1079 3017 0
0 0 0 0 413 3678 5 0 0 0 0 0 134 3962 0 0 0 0 0 0 677 3331 88 0
0 0 0 0 16 4080 0 0 0 0 0 0 16 4080 0 0 0 0 0 0 1169 2927 0 0
5 58 882 2631 512 8 0 0 0 17 103 910 3001 65 0 0 0 11 62 202 769 3050 2 0
1 18 929 3111 36 1 0 0 0 3 24 355 3708 6 0 0 0 2 10 34 136 3910 4 0
0 0 1406 2690 0 0 0 0 0 0 0 954 3142 0 0 0 0 0 0 0 0 4096 0 0
0 0 1569 2527 0 0 0 0 0 0 0 445 3651 0 0 0 0 0 0 0 0 4093 3 0
0 0 1267 2820 9 0 0 0 0 0 0 307 3789 0 0 0 0 0 0 0 0 4085 11 0
0 0 113 3945 38 0 0 0 0 0 0 1 4095 0 0 0 0 0 0 0 0 4077 19 0
0 0 0 4096 0 0 0 0 0 0 0 0 4096 0 0 0 0 0 0 0 0 4090 6 0
0 0 0 4096 0 0 0 0 0 0 0 0 4096 0 0 0 0 0 0 0 0 3871 225 0
0 0 0 4096 0 0 0 0 0 0 0 0 4096 0 0 0 0 0 0 0 0 3596 500 0
0 0 0 2340 1756 0 0 0 0 0 0 0 3746 350 0 0 0 0 0 0 0 3519 577 0
0 0 0 561 3535 0 0 0 0 0 0 0 4093 3 0 0 0 0 0 0 0 4075 21 0
0 0 0 391 2993 712 0 0 0 0 0 0 2314 1782 0 0 0 0 0 0 0 4078 18 0
0 0 0 5 2111 1980 0 0 0 0 0 0 677 3419 0 0 0 0 0 0 0 4045 51 0
0 0 0 0 931 2824 341 0 0 0 0 0 249 3530 317 0 0 0 0 0 0 2986 1110 0
0 0 0 0 2105 1743 248 0 0 0 0 0 58 3774 264 0 0 0 0 0 0 2218 1878 0
0 0 0 0 3310 786 0 0 0 0 0 0 14 4082 0 0 0 0 0 0 0 2005 2091 0
0 0 0 0 1959 2137 0 0 0 0 0 0 0 4096 0 0 0 0 0 0 0 0 4096 0
0 0 0 0 234 3275 587 0 0 0 0 0 0 3264 832 0 0 0 0 0 0 36 4060 0
0 0 0 0 0 906 2920 270 0 0 0 0 0 886 3181 29 0 0 0 0 0 1329 2767 0
0 0 0 0 0 1694 1489 913 0 0 0 0 0 1927 1626 543 0 0 0 0 229 2744 1042 81
0 0 0 0 0 2159 1402 535 0 0 0 0 0 2600 1230 266 0 0 0 0 497 2956 643 0
404 1866 971 421 317 106 11 0 80 1349 1549 538 380 163 37 0 2171 743 396 302 251 201 32 0
10 227 724 2482 602 50 1 0 3 131 516 867 2416 162 1 0 135 305 338 490 826 1972 30 0
0 7 82 3889 114 4 0 0 0 2 25 154 3893 22 0 0 0 0 14 62 169 3763 88 0
0 0 4 4091 1 0 0 0 0 0 0 4 4091 1 0 0 0 0 0 0 3 3613 480 0
0 0 0 4096 0 0 0 0 0 0 0 0 4096 0 0 0 0 0 0 0 0 3500 596 0
0 0 0 4096 0 0 0 0 0 0 0 0 4096 0 0 0 0 0 0 0 0 3188 908 0
0 0 0 4096 0 0 0 0 0 0 0 0 4096 0 0 0 0 0 0 0 0 2180 1916 0
0 0 0 4096 0 0 0 0 0 0 0 0 4096 0 0 0 0 0 0 0 0 1492 2604 0
0 0 0 4096 0 0 0 0 0 0 0 0 4096 0 0 0 0 0 0 0 0 784 3312 0
0 0 0 3777 319 0 0 0 0 0 0 0 4048 48 0 0 0 0 0 0 0 489 3607 0
0 0 0 1683 2371 42 0 0 0 0 0 0 2477 1619 0 0 0 0 0 0 0 1753 2343 0
0 0 0 0 853 3243 0 0 0 0 0 0 165 3931 0 0 0 0 0 0 0 3876 220 0
0 0 0 0 18 3861 217 0 0 0 0 0 0 3864 232 0 0 0 0 0 0 1833 2263 0
0 0 0 0 0 452 3471 173 0 0 0 0 0 569 3527 0 0 0 0 0 0 1674 2422 0
0 0 0 0 72 1517 1852 655 0 0 0 0 0 1561 2535 0 0 0 0 0 0 103 3993 0
0 0 0 0 1985 2111 0 0 0 0 0 0 0 4096 0 0 0 0 0 0 0 730 3366 0
0 0 0 0 224 3872 0 0 0 0 0 0 0 4096 0 0 0 0 0 0 0 24 4072 0
0 0 0 0 0 4096 0 0 0 0 0 0 0 3982 114 0 0 0 0 0 0 0 4096 0
0 0 0 0 0 2860 617 619 0 0 0 0 0 994 2567 535 0 0 0 0 0 0 3623 473
0 0 0 0 0 1787 777 1532 0 0 0 0 0 16 2529 1551 0 0 0 0 0 0 2441 1655
0 0 0 0 0 2634 606 856 0 0 0 0 0 13 3287 796 0 0 0 0 0 63 2456 1577
132 1866 1626 400 64 7 1 0 23 1297 2065 593 102 15 1 0 2901 968 192 29 6 0 0 0
118 1767 1426 556 196 33 0 0 38 1071 1921 711 302 50 3 0 2170 954 426 345 166 35 0 0
72 1521 1673 647 171 12 0 0 13 881 2024 759 374 43 2 0 2089 955 358 284 272 135 3 0
2 41 392 2585 1050 26 0 0 0 13 282 448 3106 247 0 0 74 145 166 240 370 1527 1574 0
0 0 0 2865 1231 0 0 0 0 0 0 0 4096 0 0 0 0 0 0 0 0 242 3854 0
0 0 0 3030 1066 0 0 0 0 0 0 0 4084 12 0 0 0 0 0 0 0 56 4040 0
0 0 0 4000 96 0 0 0 0 0 0 0 4096 0 0 0 0 0 0 0 0 0 4096 0
0 0 0 4096 0 0 0 0 0 0 0 0 4096 0 0 0 0 0 0 0 0 0 4096 0
0 0 0 4056 40 0 0 0 0 0 0 0 4096 0 0 0 0 0 0 0 0 0 4096 0
0 0 0 2960 1136 0 0 0 0 0 0 0 2984 1112 0 0 0 0 0 0 0 0 4096 0
0 0 0 780 3316 0 0 0 0 0 0 0 796 3300 0 0 0 0 0 0 0 0 4096 0
0 0 0 0 3587 509 0 0 0 0 0 0 0 4096 0 0 0 0 0 0 0 283 3813 0
0 0 0 0 2083 1930 83 0 0 0 0 0 0 3976 120 0 0 0 0 0 0 556 3540 0
0 0 0 0 1233 1114 1749 0 0 0 0 0 0 2198 1898 0 0 0 0 0 0 515 3581 0
0 0 0 0 1521 2040 535 0 0 0 0 0 0 3444 652 0 0 0 0 0 0 19 4073 4
0 0 0 0 2011 2075 10 0 0 0 0 0 0 3390 706 0 0 0 0 0 0 0 4012 84
0 0 0 0 0 4096 0 0 0 0 0 0 0 3494 602 0 0 0 0 0 0 0 3863 233
0 0 0 0 0 4096 0 0 0 0 0 0 0 934 3162 0 0 0 0 0 0 0 1674 2422
0 0 0 0 0 3135 906 55 0 0 0 0 0 16 3971 109 0 0 0 0 0 0 1401 2695
0 0 0 0 0 1908 1511 677 0 0 0 0 0 0 3308 788 0 0 0 0 0 0 812 3284
0 0 0 0 0 746 1900 1450 0 0 0 0 0 0 2632 1464 0 0 0 0 0 0 1342 2754
150 1857 1632 411 45 1 0 0 60 1394 2039 545 56 2 0 0 2919 985 174 18 0 0 0 0
476 1426 1585 530 78 1 0 0 234 1267 1879 639 76 1 0 0 2835 1061 191 9 0 0 0 0
604 1962 1339 179 12 0 0 0 187 2020 1687 189 10 3 0 0 3452 599 35 8 2 0 0 0
0 192 1620 1035 907 330 12 0 0 173 1660 836 815 594 18 0 1357 742 335 341 417 750 154 0
0 0 0 1211 1983 893 9 0 0 0 0 3 1651 2433 9 0 0 0 0 5 102 1385 2604 0
0 0 0 3011 1085 0 0 0 0 0 0 0 3228 868 0 0 0 0 0 0 0 0 4096 0
0 0 0 2681 1415 0 0 0 0 0 0 0 2740 1356 0 0 0 0 0 0 0 0 4096 0
0 0 0 700 3396 0 0 0 0 0 0 0 679 3417 0 0 0 0 0 0 0 0 4096 0
0 0 0 713 3383 0 0 0 0 0 0 0 684 3412 0 0 0 0 0 0 0 0 4096 0
0 0 0 91 4005 0 0 0 0 0 0 0 91 4005 0 0 0 0 0 0 0 0 4096 0
0 0 0 0 4057 39 0 0 0 0 0 0 0 4096 0 0 0 0 0 0 0 0 4096 0
0 0 0 0 4096 0 0 0 0 0 0 0 0 4096 0 0 0 0 0 0 0 0 4096 0
0 0 0 0 4096 0 0 0 0 0 0 0 0 4096 0 0 0 0 0 0 0 0 4096 0
0 0 0 0 3196 900 0 0 0 0 0 0 0 3980 116 0 0 0 0 0 0 0 3998 98
0 0 0 0 250 3846 0 0 0 0 0 0 0 3980 116 0 0 0 0 0 0 0 4092 4
0 0 0 0 0 4096 0 0 0 0 0 0 0 1255 2841 0 0 0 0 0 0 0 4053 43
0 0 0 0 0 3344 712 40 0 0 0 0 0 96 3950 50 0 0 0 0 0 0 3684 412
0 0 0 0 0 2465 1614 17 0 0 0 0 0 0 4018 78 0 0 0 0 0 0 1075 3021
0 0 0 0 0 1272 1182 1642 0 0 0 0 0 0 2503 1593 0 0 0 0 0 0 1594 2502
0 0 0 0 0 0 2108 1988 0 0 0 0 0 0 2047 2049 0 0 0 0 0 0 1071 3025
0 0 0 0 0 0 1860 2236 0 0 0 0 0 0 1894 2202 0 0 0 0 0 0 1392 2704
328 1531 1476 622 129 10 0 0 158 1506 1636 670 118 8 0 0 2593 1121 330 46 6 0 0 0
116 947 1591 1035 362 41 4 0 98 953 1778 965 276 24 2 0 2110 1406 497 79 3 1 0 0
105 1446 2015 500 30 0 0 0 38 1482 2175 383 18 0 0 0 2922 1059 113 2 0 0 0 0
6 576 2446 888 135 42 3 0 8 720 2578 625 119 42 4 0 2735 1029 143 94 73 20 2 0
1 182 713 534 1075 1574 17 0 0 101 701 613 768 1892 21 0 459 384 315 466 680 1756 36 0
0 0 0 0 1979 2117 0 0 0 0 0 0 0 4096 0 0 0 0 0 0 0 2558 1538 0
0 0 0 0 3577 519 0 0 0 0 0 0 0 4096 0 0 0 0 0 0 0 613 3483 0
0 0 0 0 3981 115 0 0 0 0 0 0 0 4096 0 0 0 0 0 0 0 0 4096 0
0 0 0 0 2279 1817 0 0 0 0 0 0 0 4063 33 0 0 0 0 0 0 0 4096 0
0 0 0 0 935 3161 0 0 0 0 0 0 0 2985 1111 0 0 0 0 0 0 0 4096 0
0 0 0 0 955 3141 0 0 0 0 0 0 0 3725 371 0 0 0 0 0 0 0 4092 4
0 0 0 0 1640 2445 11 0 0 0 0 0 0 3918 178 0 0 0 0 0 0 22 4068 6
0 0 0 0 948 3148 0 0 0 0 0 0 0 4039 57 0 0 0 0 0 0 601 3495 0
0 0 0 0 10 3377 709 0 0 0 0 0 0 2891 1205 0 0 0 0 0 0 1196 2828 72
0 0 0 0 0 3203 746 147 0 0 0 0 0 2619 1340 137 0 0 0 0 0 2112 1837 147
0 0 0 0 0 2627 1466 3 0 0 0 0 0 1748 2343 5 0 0 0 0 0 2305 1715 76
0 0 0 0 0 24 3075 997 0 0 0 0 0 17 3481 598 0 0 0 0 0 1036 3005 55
0 0 0 0 0 173 1615 2308 0 0 0 0 0 0 2664 1432 0 0 0 0 0 57 3018 1021
0 0 0 0 0 42 3033 1021 0 0 0 0 0 0 3402 694 0 0 0 0 0 53 1913 2130
0 0 0 0 0 0 2786 1310 0 0 0 0 0 0 3640 456 0 0 0 0 0 5 2035 2056
0 0 0 0 0 0 1530 2566 0 0 0 0 0 0 1901 2195 0 0 0 0 0 5 2044 2047
136 1767 1663 416 81 25 6 2 61 1510 1943 465 81 27 7 2 2904 953 176 38 17 7 1 0
18 522 1520 1248 603 154 29 2 31 696 1715 1184 382 80 6 2 1741 1461 685 172 34 3 0 0
46 720 1888 1200 220 20 2 0 21 844 2165 942 114 9 1 0 2238 1601 233 21 3 0 0 0
435 3024 610 27 0 0 0 0 107 3158 809 22 0 0 0 0 3832 263 1 0 0 0 0 0
26 1252 2175 476 160 7 0 0 10 811 2449 617 201 8 0 0 2944 569 260 218 103 2 0 0
0 231 420 715 1987 738 5 0 0 43 520 524 2263 746 0 0 325 222 179 459 2343 568 0 0
0 0 0 3 1224 2758 111 0 0 0 0 0 1119 2917 60 0 0 0 0 0 1778 2222 96 0
0 0 0 3 2637 1428 28 0 0 0 0 0 1255 2813 28 0 0 0 0 0 1218 2046 832 0
0 0 0 0 977 3119 0 0 0 0 0 0 334 3762 0 0 0 0 0 0 442 3174 480 0
0 0 0 0 2406 1687 3 0 0 0 0 0 375 3714 7 0 0 0 0 0 230 2002 1864 0
0 0 0 0 3057 1021 18 0 0 0 0 0 652 3418 26 0 0 0 0 0 90 2145 1861 0
0 0 0 0 2133 1937 26 0 0 0 0 0 788 3255 53 0 0 0 0 0 814 2951 331 0
0 0 0 0 1712 2384 0 0 0 0 0 0 384 3712 0 0 0 0 0 0 509 3587 0 0
0 0 0 0 301 3482 311 2 0 0 0 0 31 3834 229 2 0 0 0 0 252 3789 55 0
0 0 0 0 12 2355 1628 101 0 0 0 0 33 2643 1405 15 0 0 0 0 118 3817 161 0
0 0 0 0 0 1214 2392 490 0 0 0 0 0 1653 2348 95 0 0 0 0 24 3617 455 0
0 0 0 0 0 632 2807 657 0 0 0 0 0 1367 2509 220 0 0 0 0 0 3337 759 0
0 0 0 0 0 47 3208 841 0 0 0 0 0 1537 2414 145 0 0 0 0 0 3579 517 0
0 0 0 0 0 0 2583 1513 0 0 0 0 0 922 2148 1026 0 0 0 0 0 2518 1373 205
0 0 0 0 0 0 3274 822 0 0 0 0 0 0 3834 262 0 0 0 0 0 3133 963 0
0 0 0 0 0 0 974 3122 0 0 0 0 0 0 3502 594 0 0 0 0 0 1515 2545 36
1018 2176 725 157 20 0 0 0 294 2267 1230 266 32 7 0 0 3237 703 133 21 2 0 0 0
474 1592 1247 583 173 23 2 2 231 1691 1429 605 127 11 1 1 2662 1076 315 39 2 2 0 0
67 615 1523 1296 466 117 11 1 63 742 1755 1156 316 60 4 0 1868 1548 524 140 13 3 0 0
121 1583 1922 416 49 4 1 0 32 1390 2254 377 41 2 0 0 2889 1095 96 14 2 0 0 0
97 1508 2238 243 10 0 0 0 33 1169 2542 334 18 0 0 0 3269 772 55 0 0 0 0 0
0 493 2752 795 56 0 0 0 0 117 2744 1006 229 0 0 0 2352 655 447 405 237 0 0 0
0 0 60 3232 804 0 0 0 0 0 3 2337 1756 0 0 0 0 0 11 2040 2045 0 0 0
0 0 0 2867 1225 4 0 0 0 0 0 2044 2040 12 0 0 0 0 0 1720 2376 0 0 0
0 0 0 2477 1523 96 0 0 0 0 0 861 3113 122 0 0 0 0 0 314 3728 54 0 0
0 0 0 1458 2632 6 0 0 0 0 0 32 4051 13 0 0 0 0 0 0 4077 19 0 0
0 0 0 279 3407 410 0 0 0 0 0 0 3604 492 0 0 0 0 0 0 3806 290 0 0
0 0 0 0 3965 131 0 0 0 0 0 0 3875 221 0 0 0 0 0 0 3932 164 0 0
0 0 0 0 3457 639 0 0 0 0 0 0 3170 926 0 0 0 0 0 0 3748 348 0 0
0 0 0 0 1227 2487 382 0 0 0 0 0 1178 2770 148 0 0 0 0 0 2918 1178 0 0
0 0 0 0 0 2845 1251 0 0 0 0 0 0 3501 595 0 0 0 0 0 1323 2773 0 0
0 0 0 0 0 2721 1302 73 0 0 0 0 0 3230 866 0 0 0 0 0 305 3789 2 0
0 0 0 0 0 2843 1253 0 0 0 0 0 0 4091 5 0 0 0 0 0 20 4076 0 0
0 0 0 0 0 257 3839 0 0 0 0 0 0 2541 1555 0 0 0 0 0 0 4096 0 0
0 0 0 0 0 0 3032 1064 0 0 0 0 0 457 3639 0 0 0 0 0 0 4096 0 0
0 0 0 0 0 0 955 3141 0 0 0 0 0 0 3498 598 0 0 0 0 0 2737 1359 0
0 0 0 0 0 0 23 4073 0 0 0 0 0 0 2265 1831 0 0 0 0 0 1128 2968 0
457 2024 1104 378 122 11 0 0 218 1940 1366 426 134 12 0 0 2856 877 268 88 7 0 0 0
1242 1747 758 269 61 18 1 0 679 1964 1010 338 83 19 3 0 2890 827 282 67 27 3 0 0
316 1803 1394 470 100 13 0 0 173 1843 1509 475 89 7 0 0 2942 907 213 30 4 0 0 0
1192 2199 563 126 16 0 0 0 218 2523 1132 176 44 3 0 0 3369 599 103 25 0 0 0 0
1055 2076 921 44 0 0 0 0 105 2645 1262 84 0 0 0 0 3729 360 7 0 0 0 0 0
10 788 2769 509 20 0 0 0 5 646 2726 693 25 1 0 0 3116 890 76 14 0 0 0 0
0 71 2690 1332 3 0 0 0 0 3 1687 2403 3 0 0 0 1059 924 806 1307 0 0 0 0
0 0 305 3791 0 0 0 0 0 0 24 4072 0 0 0 0 0 20 175 3901 0 0 0 0
0 0 0 4096 0 0 0 0 0 0 0 4096 0 0 0 0 0 0 0 4064 32 0 0 0
0 0 0 4096 0 0 0 0 0 0 0 3792 304 0 0 0 0 0 0 3728 368 0 0 0
0 0 0 2985 1111 0 0 0 0 0 0 2091 2005 0 0 0 0 0 0 2283 1813 0 0 0
0 0 0 1025 3071 0 0 0 0 0 0 879 3217 0 0 0 0 0 0 1247 2849 0 0 0
0 0 0 241 3855 0 0 0 0 0 0 191 3905 0 0 0 0 0 0 374 3722 0 0 0
0 0 0 10 1810 2276 0 0 0 0 0 13 2952 1131 0 0 0 0 5 28 4063 0 0 0
0 0 0 3 30 4063 0 0 0 0 0 4 92 4000 0 0 0 0 2 20 4074 0 0 0
0 0 0 7 28 3868 193 0 0 0 0 12 37 4043 4 0 0 0 7 32 2504 1553 0 0
0 0 0 0 0 1258 2838 0 0 0 0 0 0 4071 25 0 0 0 0 0 2160 1936 0 0
0 0 0 0 0 0 4096 0 0 0 0 0 0 869 3227 0 0 0 0 0 67 4029 0 0
0 0 0 0 0 0 1791 2305 0 0 0 0 0 3 4093 0 0 0 0 0 0 4096 0 0
0 0 0 0 0 0 0 4096 0 0 0 0 0 0 3534 562 0 0 0 0 0 2835 1261 0
0 0 0 0 0 0 0 4096 0 0 0 0 0 0 975 3121 0 0 0 0 0 939 3157 0
628 1399 1066 615 304 75 9 0 530 1462 1183 592 267 55 7 0 2183 1103 543 219 42 6 0 0
306 929 1324 956 428 132 20 1 273 1098 1449 894 317 61 4 0 1961 1277 623 204 28 3 0 0
198 1506 1507 617 214 48 6 0 159 1440 1591 651 207 44 4 0 2545 1039 400 89 22 1 0 0
945 2359 636 127 24 5 0 0 183 2060 1521 264 55 11 2 0 3283 670 111 25 7 0 0 0
1947 1688 352 96 13 0 0 0 548 2843 577 116 12 0 0 0 3601 421 68 6 0 0 0 0
155 839 1847 1129 120 6 0 0 107 1024 2178 751 36 0 0 0 2488 1427 172 9 0 0 0 0
0 157 1756 1762 397 24 0 0 0 182 2200 1559 155 0 0 0 2014 1799 270 13 0 0 0 0
1 1148 2780 149 14 4 0 0 0 264 3268 537 17 8 2 0 2191 1267 585 39 10 4 0 0
0 239 3195 578 72 12 0 0 0 8 3104 888 79 17 0 0 970 1066 1626 356 68 10 0 0
0 97 2713 1160 112 13 1 0 0 1 2877 1086 112 18 2 0 0 372 3056 564 92 12 0 0
0 21 3194 765 100 16 0 0 0 1 2911 1055 105 23 1 0 0 122 3266 621 75 12 0 0
0 9 2396 1288 272 118 13 0 0 13 2164 1528 263 116 12 0 0 140 2868 794 228 61 5 0
0 27 2113 1698 195 57 6 0 0 25 1980 1826 207 55 3 0 0 105 2941 906 117 26 1 0
0 5 2018 1657 261 125 25 5 0 8 1990 1701 255 119 17 6 1 98 3039 696 201 53 6 2
0 14 777 2753 424 113 15 0 0 13 739 2847 384 102 11 0 0 76 2452 1274 247 46 1 0
0 0 374 3031 382 180 109 20 0 0 384 3106 321 169 102 14 0 2 2255 1422 218 141 57 1
0 0 74 2115 805 511 443 148 0 0 122 2349 669 490 420 46 0 4 1313 1466 651 496 166 0
0 0 32 1075 1780 587 507 115 0 1 66 1678 1343 527 435 46 0 5 993 1624 831 517 124 2
0 0 6 1489 1884 194 371 152 0 0 38 2153 1267 187 404 47 0 3 852 2513 248 398 80 2
0 0 0 1356 2247 231 76 186 0 0 5 2156 1502 204 202 27 0 0 745 2825 266 242 18 0
0 0 0 754 3106 61 40 135 0 0 7 1607 2288 43 96 55 0 0 421 3449 74 102 50 0
713 1394 1100 616 224 41 6 2 472 1423 1276 678 204 37 5 1 2215 1166 545 137 26 6 1 0
358 1088 1371 843 332 93 11 0 339 1131 1398 838 304 79 7 0 1823 1327 660 229 51 6 0 0
242 1654 1404 589 158 44 5 0 105 1334 1691 725 194 43 4 0 2469 1134 377 95 20 1 0 0
155 1954 1393 469 111 14 0 0 21 1124 2092 666 173 19 1 0 2849 924 274 44 5 0 0 0
612 2311 975 170 26 2 0 0 134 1926 1676 309 44 7 0 0 3203 731 138 21 3 0 0 0
9 555 1983 1310 230 9 0 0 5 451 2234 1292 108 6 0 0 2061 1771 249 14 1 0 0 0
11 363 1729 1599 371 20 2 1 5 280 2207 1495 101 7 1 0 1809 1950 321 13 3 0 0 0
9 811 1582 1317 364 13 0 0 1 526 2120 1350 95 4 0 0 1983 1824 279 10 0 0 0 0
281 1482 1975 342 16 0 0 0 5 1376 2119 581 15 0 0 0 2939 1094 63 0 0 0 0 0
0 150 2840 1085 21 0 0 0 0 38 2567 1471 20 0 0 0 1830 1713 551 2 0 0 0 0
22 542 1574 1886 68 4 0 0 7 331 1981 1678 92 7 0 0 281 1189 1801 810 13 2 0 0
27 341 811 2854 58 5 0 0 17 306 1626 2081 61 3 2 0 58 850 1748 1411 26 3 0 0
1 41 519 3460 74 1 0 0 1 40 1520 2450 84 1 0 0 12 313 2395 1360 15 1 0 0
0 0 688 2592 816 0 0 0 0 0 1787 1625 684 0 0 0 0 141 2433 1485 37 0 0 0
4 19 933 2135 937 66 2 0 5 23 1865 1211 956 36 0 0 9 173 2139 1342 425 8 0 0
0 15 894 1694 1097 392 4 0 0 23 1095 1520 1334 120 4 0 6 57 1799 1144 1051 38 1 0
0 19 1053 1508 723 777 14 2 0 30 1051 1563 1083 358 10 1 0 140 1646 1229 1038 39 3 1
0 3 957 2114 639 339 35 9 0 3 1079 2135 590 254 31 4 0 141 2038 1416 424 65 12 0
0 1 861 2025 1048 132 29 0 0 0 918 2189 864 108 17 0 0 147 1969 1692 244 42 2 0
0 1 645 2338 1104 8 0 0 0 1 772 2529 789 5 0 0 0 97 2068 1870 61 0 0 0
0 3 399 2291 1392 11 0 0 0 4 496 2605 986 5 0 0 0 91 1590 2343 70 2 0 0
755 2325 812 169 28 6 1 0 154 1929 1627 311 65 9 1 0 3090 793 173 33 6 1 0 0
648 1577 1118 535 164 47 7 0 310 1572 1384 595 184 43 8 0 2337 1129 470 125 30 4 1 0
176 1425 1535 695 212 50 3 0 76 1158 1720 833 254 51 4 0 2245 1222 488 119 20 2 0 0
74 1459 1780 631 136 14 2 0 16 859 2150 845 200 24 2 0 2642 1085 315 50 3 1 0 0
23 1849 1877 314 29 4 0 0 0 716 2714 603 56 7 0 0 3044 935 105 11 1 0 0 0
40 1047 2313 642 52 2 0 0 2 426 2636 958 66 8 0 0 2507 1443 134 12 0 0 0 0
0 322 2390 1260 118 6 0 0 0 114 2410 1472 99 1 0 0 2228 1681 182 5 0 0 0 0
0 80 1507 2007 475 27 0 0 0 52 1684 2143 213 4 0 0 1459 2081 541 15 0 0 0 0
11 851 1967 1138 128 1 0 0 1 502 2135 1389 69 0 0 0 1925 2002 168 1 0 0 0 0
13 904 1998 1029 150 2 0 0 0 460 2261 1295 80 0 0 0 2226 1586 281 3 0 0 0 0
5 226 2407 1295 151 12 0 0 2 156 2162 1566 191 18 1 0 1907 1499 463 194 29 4 0 0
84 1051 1632 920 307 94 8 0 56 830 1693 1030 367 109 11 0 345 1552 1396 585 185 32 1 0
128 1058 1569 985 278 71 7 0 89 976 1622 1033 289 78 9 0 267 1298 1569 723 191 44 4 0
89 842 1155 1850 139 18 3 0 64 777 1334 1754 144 20 2 1 168 1038 2377 417 85 9 2 0
54 727 706 2569 38 2 0 0 41 711 1655 1648 40 1 0 0 102 863 2949 154 27 1 0 0
47 302 323 3403 20 1 0 0 37 309 3005 726 18 1 0 0 64 401 3508 111 12 0 0 0
0 4 23 3767 53 249 0 0 1 3 3019 776 112 185 0 0 1 122 3659 51 263 0 0 0
0 1 13 2892 71 1116 3 0 1 0 2298 629 231 937 0 0 1 78 2822 70 1123 2 0 0
0 2 80 2304 375 1335 0 0 0 3 1872 568 420 1233 0 0 0 143 2058 473 1420 2 0 0
0 0 87 1633 832 1112 432 0 0 2 1219 676 705 1491 3 0 0 90 1471 878 1633 24 0 0
0 0 33 923 1566 500 1074 0 0 0 416 872 1316 1399 93 0 0 134 613 1644 1299 406 0 0
629 2307 935 191 30 4 0 0 127 2134 1481 288 61 5 0 0 3084 817 164 28 3 0 0 0
715 2235 820 249 58 17 2 0 170 2069 1357 381 86 29 4 0 2899 872 246 55 20 4 0 0
410 1809 1169 494 163 38 9 4 132 1534 1511 651 197 56 11 4 2428 1104 398 127 31 5 3 0
105 1065 1712 915 257 40 2 0 79 962 1799 954 267 33 2 0 2251 1304 443 92 6 0 0 0
117 1869 1595 456 50 8 1 0 19 1211 2164 611 74 16 1 0 2898 1032 142 17 7 0 0 0
108 2227 1464 273 23 1 0 0 4 1055 2542 443 44 8 0 0 3128 859 94 15 0 0 0 0
1 701 2454 833 97 10 0 0 0 304 2744 969 72 7 0 0 1619 2246 209 20 2 0 0 0
19 1125 1913 1009 30 0 0 0 0 765 2281 1043 7 0 0 0 1058 2763 275 0 0 0 0 0
0 46 1143 2346 546 14 1 0 0 73 1689 2168 161 5 0 0 904 2636 537 18 1 0 0 0
0 28 770 2307 938 53 0 0 0 42 1266 2513 269 6 0 0 442 2264 1328 62 0 0 0 0
0 128 1620 1976 363 9 0 0 0 136 1882 1859 212 7 0 0 1009 2392 656 35 4 0 0 0
1 190 1916 1756 223 7 3 0 0 96 1960 1857 171 8 4 0 844 2444 742 57 6 3 0 0
30 571 2375 913 159 40 8 0 15 300 2403 1138 193 37 10 0 1198 2062 573 185 62 13 3 0
83 803 1628 1094 381 97 10 0 65 604 1678 1210 417 111 11 0 607 1557 1093 591 193 54 1 0
123 1099 1445 894 396 120 19 0 126 1108 1481 900 369 102 10 0 320 1436 1330 728 231 49 2 0
144 1248 1592 807 250 54 1 0 152 1255 1623 783 233 49 1 0 286 1476 1502 633 173 26 0 0
139 1168 1500 1076 177 34 2 0 147 1212 1577 968 164 27 1 0 251 1384 1876 457 114 14 0 0
156 1062 1006 1779 80 13 0 0 135 1052 1244 1571 82 12 0 0 245 1192 2299 292 57 11 0 0
121 701 623 2602 49 0 0 0 108 691 875 2379 42 1 0 0 194 762 2895 219 26 0 0 0
67 225 190 3606 8 0 0 0 41 214 1113 2724 4 0 0 0 128 484 3456 27 1 0 0 0
0 0 4 4092 0 0 0 0 0 1 1944 2151 0 0 0 0 0 282 3814 0 0 0 0 0
1134 2017 708 178 53 6 0 0 435 2252 1077 251 68 12 1 0 3019 806 214 53 4 0 0 0
717 2057 941 309 65 7 0 0 307 1999 1239 444 97 10 0 0 2813 932 284 56 11 0 0 0
762 1864 959 365 113 25 4 4 333 1843 1279 463 136 32 5 5 2690 969 309 100 21 3 4 0
260 1277 1426 777 293 57 5 1 179 1237 1579 792 263 39 7 0 2323 1167 471 114 19 2 0 0
320 2114 1251 302 86 20 3 0 105 1700 1735 430 98 22 6 0 2877 938 213 54 13 1 0 0
692 2283 930 173 18 0 0 0 86 1830 1727 391 58 4 0 0 2954 934 182 25 1 0 0 0
164 1885 1760 232 44 10 1 0 12 779 2693 509 74 28 1 0 2724 1202 123 38 8 1 0 0
661 2685 551 165 25 7 2 0 38 2621 1171 210 44 10 1 1 3043 880 131 32 8 2 0 0
191 1539 1728 566 64 8 0 0 28 1280 2022 684 74 8 0 0 2180 1611 276 25 4 0 0 0
17 1068 2179 760 66 6 0 0 3 740 2480 821 47 5 0 0 1787 2040 253 16 0 0 0 0
41 1279 1518 1021 231 6 0 0 1 957 2034 1031 71 2 0 0 1550 2076 450 20 0 0 0 0
0 292 2036 1540 225 3 0 0 0 159 2063 1740 133 1 0 0 1041 2511 527 17 0 0 0 0
0 91 1479 2023 498 5 0 0 0 49 1580 2236 230 1 0 0 489 2601 982 24 0 0 0 0
1 371 1821 1423 465 15 0 0 0 138 1858 1816 271 13 0 0 972 2165 889 67 3 0 0 0
55 964 1834 924 266 50 3 0 21 656 1942 1106 307 60 4 0 892 1817 881 388 100 18 0 0
159 1279 1542 777 269 66 4 0 107 1096 1685 838 303 63 4 0 320 1668 1311 596 169 31 1 0
211 1025 1519 865 371 93 11 1 182 978 1556 893 376 97 13 1 403 1266 1407 731 237 46 5 1
133 1471 1527 692 222 42 9 0 151 1515 1511 677 197 37 8 0 285 1752 1349 554 131 18 7 0
214 1857 1495 450 67 12 1 0 201 1848 1504 466 64 12 1 0 293 1969 1412 362 51 8 1 0
266 1745 1459 519 95 11 1 0 232 1766 1478 513 93 13 1 0 377 1932 1330 389 60 8 0 0
271 1568 1336 866 51 4 0 0 231 1550 1818 444 48 5 0 0 430 1850 1551 230 32 3 0 0
1228 1595 769 346 130 28 0 0 692 1837 973 408 156 29 1 0 2685 892 366 123 29 1 0 0
987 1376 900 543 229 56 5 0 633 1500 1029 618 246 62 8 0 2352 1041 472 190 35 6 0 0
355 1160 1370 785 319 95 11 1 286 1107 1450 828 326 86 13 0 1937 1239 623 223 65 9 0 0
261 1265 1341 704 337 131 47 10 259 1251 1403 697 325 122 33 6 2057 1155 538 237 83 20 6 0
218 1709 1519 506 110 28 6 0 103 1447 1767 610 125 34 9 1 2460 1223 318 63 27 5 0 0
1320 2076 563 102 31 4 0 0 259 2426 1116 240 48 6 1 0 3275 672 113 33 3 0 0 0
838 2441 707 97 11 2 0 0 148 1977 1713 220 35 3 0 0 3416 593 76 9 2 0 0 0
327 2526 1080 152 10 1 0 0 40 1897 1835 298 25 1 0 0 2925 1018 143 9 1 0 0 0
471 2262 1140 209 14 0 0 0 41 1980 1739 311 25 0 0 0 2855 1105 127 9 0 0 0 0
177 1685 1719 457 53 5 0 0 8 1354 2229 446 55 4 0 0 2072 1822 171 29 2 0 0 0
356 2260 1139 295 39 6 1 0 45 2028 1618 352 45 7 1 0 2559 1315 186 31 4 1 0 0
90 1043 2084 847 31 1 0 0 13 817 2315 900 50 1 0 0 1738 2085 264 8 1 0 0 0
36 950 1846 968 292 4 0 0 4 585 2161 1183 163 0 0 0 1616 1949 515 16 0 0 0 0
56 951 1734 1207 143 5 0 0 0 599 2098 1293 97 8 1 0 1489 2131 449 22 4 1 0 0
247 1650 1572 580 45 1 1 0 0 1142 2174 740 38 1 1 0 2129 1727 232 6 1 1 0 0
461 1949 1225 337 88 31 5 0 120 1536 1754 541 103 37 5 0 1778 1494 568 181 54 20 1 0
417 2061 983 415 182 36 2 0 316 1987 1108 447 193 43 2 0 768 1967 863 368 115 15 0 0
288 1705 1245 521 253 81 3 0 263 1745 1291 498 233 64 2 0 413 1893 1179 437 145 28 1 0
226 1364 1171 785 425 114 11 0 280 1449 1195 738 340 88 6 0 589 1618 1027 626 209 26 1 0
187 1656 1402 579 227 43 1 1 209 1644 1434 569 206 32 1 1 490 1791 1205 463 131 14 2 0
209 1864 1402 469 129 23 0 0 176 1835 1465 474 128 18 0 0 366 2054 1236 351 83 6 0 0
